null
Mon Nov 11 17:15:00 SGT 2019
-------------------------SCREEN-------------------------
A 0 0 0 0 0 0 0 0 0 0 0 0 0 0 0 0 0 0 0 0 A
B 0 0 0 0 0 0 0 0 0 0 0 0 0 0 0 0 0 0 0 0 B
C 0 0 0 0 0 0 0 0 0 0 0 0 0 0 0 0 0 0 0 0 C
D 0 0 0 0 0 0 0 0 0 0 0 0 0 0 0 0 0 0 0 0 D
E 0 0 0 0 0 0 0 0 0 0 0 0 0 0 0 0 0 0 0 0 E
F 0 0 0 0 0 0 0 0 0 0 0 0 0 0 0 0 0 0 0 0 F
G 0 0 0 0 0 0 0 0 0 0 0 0 0 0 0 0 0 0 0 0 G
H 0 0 0 0 0 0 0 0 0 0 0 0 0 0 0 0 0 0 0 0 H
I 0 0 0 0 0 0 0 0 0 0 0 0 0 0 0 0 0 0 0 0 I
J 0 0 0 0 0 0 0 0 0 0 0 0 0 0 0 0 0 0 0 0 J
null
Mon Nov 18 17:15:00 SGT 2019
-------------------------SCREEN-------------------------
A 0 0 0 0 0 0 0 0 0 0 0 0 0 0 0 0 0 0 0 0 A
B 0 0 0 0 0 0 0 0 0 0 0 0 0 0 0 0 0 0 0 0 B
C 0 0 0 0 0 0 0 0 0 0 0 0 0 0 0 0 0 0 0 0 C
D 0 0 0 0 0 0 0 0 0 0 0 0 0 0 0 0 0 0 0 0 D
E 0 0 0 0 0 0 0 0 0 0 0 0 0 0 0 0 0 0 0 0 E
F 0 0 0 0 0 0 0 0 0 0 0 0 0 0 0 0 0 0 0 0 F
G 0 0 0 0 0 0 0 0 0 0 0 0 0 0 0 0 0 0 0 0 G
H 0 0 0 0 0 0 0 0 0 0 0 0 0 0 0 0 0 0 0 0 H
I 0 0 0 0 0 0 0 0 0 0 0 0 0 0 0 0 0 0 0 0 I
J 0 0 0 0 0 0 0 0 0 0 0 0 0 0 0 0 0 0 0 0 J
null
Mon Nov 25 17:15:00 SGT 2019
-------------------------SCREEN-------------------------
A 0 0 0 0 0 0 0 0 0 0 0 0 0 0 0 0 0 0 0 0 A
B 0 0 0 0 0 0 0 0 0 0 0 0 0 0 0 0 0 0 0 0 B
C 0 0 0 0 0 0 0 0 0 0 0 0 0 0 0 0 0 0 0 0 C
D 0 0 0 0 0 0 0 0 0 0 0 0 0 0 0 0 0 0 0 0 D
E 0 0 0 0 0 0 0 0 0 0 0 0 0 0 0 0 0 0 0 0 E
F 0 0 0 0 0 0 0 0 0 0 0 0 0 0 0 0 0 0 0 0 F
G 0 0 0 0 0 0 0 0 0 0 0 0 0 0 0 0 0 0 0 0 G
H 0 0 0 0 0 0 0 0 0 0 0 0 0 0 0 0 0 0 0 0 H
I 0 0 0 0 0 0 0 0 0 0 0 0 0 0 0 0 0 0 0 0 I
J 0 0 0 0 0 0 0 0 0 0 0 0 0 0 0 0 0 0 0 0 J
