
Tue Nov 19 20:30:00 SGT 2019
-------------------------SCREEN-------------------------
A 0 0 0 0 0 0 0 0 0 0 0 0 0 0 0 0 0 0 0 0 A
B 0 0 0 0 0 0 0 0 0 0 0 0 0 0 0 0 0 0 0 0 B
C 1 1 0 0 0 0 0 0 0 0 0 0 0 0 0 0 0 0 0 0 C
D 0 0 0 0 0 0 0 0 0 0 0 0 0 0 0 0 0 0 0 0 D
E 0 0 0 0 0 0 0 0 0 0 0 0 0 0 0 0 0 0 0 0 E
F 1 1 0 0 0 0 0 0 0 1 1 0 0 0 0 0 0 0 0 0 F
G 1 1 0 0 0 0 0 0 0 0 0 0 0 0 0 0 0 0 0 0 G
H 1 1 0 0 0 0 0 0 0 0 0 0 0 0 0 0 0 0 0 0 H
I 0 1 1 1 0 0 0 0 0 0 0 0 0 0 0 0 0 0 0 0 I
J 1 1 0 0 0 0 0 0 0 0 0 0 0 0 0 0 0 0 0 0 J

Tue Nov 26 20:30:00 SGT 2019
-------------------------SCREEN-------------------------
A 0 0 0 0 0 0 0 0 0 0 0 0 0 0 0 0 0 0 0 0 A
B 0 0 0 0 0 0 0 0 0 0 0 0 0 0 0 0 0 0 0 0 B
C 1 1 0 0 0 0 0 0 0 0 0 0 0 0 0 0 0 0 0 0 C
D 0 0 0 0 0 0 0 0 0 0 0 0 0 0 0 0 0 0 0 0 D
E 0 0 0 0 0 0 0 0 0 0 0 0 0 0 0 0 0 0 0 0 E
F 1 1 0 0 0 0 0 0 0 1 1 0 0 0 0 0 0 0 0 0 F
G 1 1 0 0 0 0 0 0 0 0 0 0 0 0 0 0 0 0 0 0 G
H 1 1 0 0 0 0 0 0 0 0 0 0 0 0 0 0 0 0 0 0 H
I 0 1 1 1 0 0 0 0 0 0 0 0 0 0 0 0 0 0 0 0 I
J 1 1 0 0 0 0 0 0 0 0 0 0 0 0 0 0 0 0 0 0 J

Tue Nov 19 20:30:00 SGT 2019
-------------------------SCREEN-------------------------
A 0 0 0 0 0 0 0 0 0 0 0 0 0 0 0 0 0 0 0 0 A
B 0 0 0 0 0 0 0 0 0 0 0 0 0 0 0 0 0 0 0 0 B
C 1 1 0 0 0 0 0 0 0 0 0 0 0 0 0 0 0 0 0 0 C
D 0 0 0 0 0 0 0 0 0 0 0 0 0 0 0 0 0 0 0 0 D
E 0 0 0 0 0 0 0 0 0 0 0 0 0 0 0 0 0 0 0 0 E
F 1 1 0 0 0 0 0 0 0 1 1 0 0 0 0 0 0 0 0 0 F
G 1 1 0 0 0 0 0 0 0 0 0 0 0 0 0 0 0 0 0 0 G
H 1 1 0 0 0 0 0 0 0 0 0 0 0 0 0 0 0 0 0 0 H
I 0 1 1 1 0 0 0 0 0 0 0 0 0 0 0 0 0 0 0 0 I
J 1 1 0 0 0 0 0 0 0 0 0 0 0 0 0 0 0 0 0 0 J

Tue Nov 26 20:30:00 SGT 2019
-------------------------SCREEN-------------------------
A 0 0 0 0 0 0 0 0 0 0 0 0 0 0 0 0 0 0 0 0 A
B 0 0 0 0 0 0 0 0 0 0 0 0 0 0 0 0 0 0 0 0 B
C 1 1 0 0 0 0 0 0 0 0 0 0 0 0 0 0 0 0 0 0 C
D 0 0 0 0 0 0 0 0 0 0 0 0 0 0 0 0 0 0 0 0 D
E 0 0 0 0 0 0 0 0 0 0 0 0 0 0 0 0 0 0 0 0 E
F 1 1 0 0 0 0 0 0 0 1 1 0 0 0 0 0 0 0 0 0 F
G 1 1 0 0 0 0 0 0 0 0 0 0 0 0 0 0 0 0 0 0 G
H 1 1 0 0 0 0 0 0 0 0 0 0 0 0 0 0 0 0 0 0 H
I 0 1 1 1 0 0 0 0 0 0 0 0 0 0 0 0 0 0 0 0 I
J 1 1 0 0 0 0 0 0 0 0 0 0 0 0 0 0 0 0 0 0 J
